Ejecución secuencial
[1.49997351 1.50003372 1.49996815 1.50002651 1.49997943 1.50003519
 1.4999748  1.5000404  1.4999722  1.50004301 1.49997097 1.50001951
 1.49997051 1.5000197  1.4999704  1.50001969 1.49997052 1.50001951
 1.49997095 1.50001903 1.49997196 1.50004103 1.49997387 1.50003737
 1.49997685 1.50003208 1.49998066 1.50002592 1.49996584 1.5000203
 1.49997326 1.50003576 1.49997701 1.50003322 1.49997721 1.50003514
 1.49997547 1.50003846 1.49997361 1.50004071 1.4999729  1.50004059
 1.49997399 1.50003745 1.49997726 1.50003077 1.49996027 1.50004775
 1.49994943 1.50003974]
execution time: 
0.890416145324707